[array([[[[0.24364506, 0.6170644 , 0.3271361 ],
         [0.22358736, 0.6170265 , 0.49309415],
         [0.22435857, 0.6218102 , 0.4651359 ],
         [0.21611579, 0.6026276 , 0.34002843],
         [0.21941246, 0.61334455, 0.39923158],
         [0.24652463, 0.5641153 , 0.42565838],
         [0.23281497, 0.6084777 , 0.43436977],
         [0.28345034, 0.5852515 , 0.26135677],
         [0.2863458 , 0.6334596 , 0.32921854],
         [0.25574148, 0.6288753 , 0.16335511],
         [0.31284347, 0.6406554 , 0.19302545],
         [0.519428  , 0.5491841 , 0.6164291 ],
         [0.5326614 , 0.5817663 , 0.5456764 ],
         [0.69183004, 0.55446744, 0.5012695 ],
         [0.6905975 , 0.6088649 , 0.41034436],
         [0.87914205, 0.54987925, 0.57546943],
         [0.9024934 , 0.6198677 , 0.71676034]]]], dtype=float32), array([[[[0.3050155 , 0.63167095, 0.44670624],
         [0.29006127, 0.6293023 , 0.4676147 ],
         [0.29143173, 0.6299767 , 0.49380216],
         [0.2680794 , 0.6034074 , 0.42446038],
         [0.27021453, 0.60941947, 0.56380475],
         [0.31971475, 0.57890517, 0.44392136],
         [0.31902876, 0.59454596, 0.51243293],
         [0.436781  , 0.5658852 , 0.22513497],
         [0.4369473 , 0.579609  , 0.39482203],
         [0.51703763, 0.5963651 , 0.17802589],
         [0.5169282 , 0.6160484 , 0.18347806],
         [0.5622021 , 0.5288301 , 0.6438473 ],
         [0.5635024 , 0.54296106, 0.5249169 ],
         [0.7316988 , 0.5588344 , 0.34904236],
         [0.72526574, 0.61651903, 0.50766194],
         [0.9048663 , 0.5491219 , 0.58731455],
         [0.91380817, 0.6247041 , 0.6125562 ]]]], dtype=float32), array([[[[0.4557706 , 0.5766419 , 0.0837255 ],
         [0.44519407, 0.57742697, 0.0587688 ],
         [0.4400266 , 0.5712211 , 0.06254922],
         [0.45107755, 0.56883514, 0.09623457],
         [0.4419443 , 0.5743102 , 0.21933173],
         [0.47074997, 0.54704404, 0.28623357],
         [0.46307632, 0.56926656, 0.27824804],
         [0.47646698, 0.539717  , 0.10784966],
         [0.49436757, 0.63435435, 0.24019241],
         [0.48246464, 0.55343676, 0.11685222],
         [0.49026534, 0.6339701 , 0.29081237],
         [0.6551152 , 0.5480057 , 0.42103976],
         [0.66026217, 0.5610252 , 0.41916254],
         [0.80934024, 0.5578755 , 0.09753922],
         [0.7525997 , 0.66406953, 0.46210063],
         [0.9135551 , 0.5505732 , 0.2950059 ],
         [0.9424748 , 0.62295884, 0.4743518 ]]]], dtype=float32), array([[[[0.62778354, 0.5084599 , 0.21429566],
         [0.60752255, 0.49545223, 0.29032472],
         [0.5995493 , 0.5015779 , 0.22759257],
         [0.607198  , 0.50208926, 0.18262094],
         [0.58984256, 0.50750685, 0.16724028],
         [0.6323303 , 0.53402156, 0.14375725],
         [0.5757888 , 0.57315236, 0.20528096],
         [0.75019056, 0.53763604, 0.19457501],
         [0.59129274, 0.59661365, 0.10276227],
         [0.76988006, 0.52861553, 0.1477649 ],
         [0.73292565, 0.6085974 , 0.11733177],
         [0.7326872 , 0.58130616, 0.15344986],
         [0.709938  , 0.6049944 , 0.17850152],
         [0.7623185 , 0.53612673, 0.24936976],
         [0.74221206, 0.6321074 , 0.11386377],
         [0.8100732 , 0.5372484 , 0.13689739],
         [0.7888    , 0.6418966 , 0.17132795]]]], dtype=float32), array([[[[0.457842  , 0.6529961 , 0.19410497],
         [0.4561439 , 0.6607726 , 0.18770725],
         [0.44265082, 0.6558267 , 0.15780033],
         [0.48986626, 0.67542565, 0.16309345],
         [0.4549649 , 0.6421096 , 0.26103258],
         [0.49136513, 0.6444743 , 0.24099067],
         [0.46278012, 0.61224294, 0.27919674],
         [0.5064396 , 0.63132554, 0.1522125 ],
         [0.4551546 , 0.59344965, 0.17131111],
         [0.590255  , 0.6207893 , 0.0726793 ],
         [0.45156455, 0.59562737, 0.19775654],
         [0.6372335 , 0.5620841 , 0.32102743],
         [0.6247598 , 0.5316292 , 0.3390883 ],
         [0.7436289 , 0.6599588 , 0.39413926],
         [0.71725   , 0.5394942 , 0.2889534 ],
         [0.8866985 , 0.61283445, 0.20641762],
         [0.8844992 , 0.5584521 , 0.33098242]]]], dtype=float32), array([[[[0.36801392, 0.65427685, 0.3693574 ],
         [0.3533349 , 0.6519545 , 0.5402435 ],
         [0.35823002, 0.6553012 , 0.42038167],
         [0.34627768, 0.63480824, 0.46803552],
         [0.34716034, 0.64212126, 0.36242342],
         [0.37753838, 0.5930089 , 0.49136865],
         [0.38748193, 0.6268336 , 0.5369192 ],
         [0.49505144, 0.5878678 , 0.2894532 ],
         [0.51761293, 0.60751605, 0.32699662],
         [0.6051914 , 0.6057716 , 0.24910206],
         [0.6743194 , 0.62878627, 0.24569629],
         [0.6077615 , 0.51876706, 0.7085452 ],
         [0.61300355, 0.5365425 , 0.62829655],
         [0.7465523 , 0.56708664, 0.3287622 ],
         [0.7428065 , 0.64600253, 0.48714396],
         [0.87285006, 0.55238396, 0.4843005 ],
         [0.9205839 , 0.62395465, 0.5597758 ]]]], dtype=float32), array([[[[0.2663828 , 0.63291246, 0.6530278 ],
         [0.24791406, 0.63006973, 0.63826597],
         [0.248637  , 0.6326063 , 0.5057658 ],
         [0.23545569, 0.61080664, 0.7305123 ],
         [0.24044374, 0.6172005 , 0.7278211 ],
         [0.29924437, 0.5488778 , 0.8089595 ],
         [0.2978172 , 0.61460227, 0.64780533],
         [0.39664719, 0.5056667 , 0.73468024],
         [0.3915074 , 0.6141031 , 0.47303957],
         [0.30872405, 0.5119529 , 0.2843729 ],
         [0.38050324, 0.6512646 , 0.12477441],
         [0.54007226, 0.5387718 , 0.8267899 ],
         [0.5430117 , 0.57747805, 0.8609967 ],
         [0.72448826, 0.5548411 , 0.65491307],
         [0.7296244 , 0.61174786, 0.80470484],
         [0.897836  , 0.55056494, 0.5944356 ],
         [0.8986688 , 0.61144936, 0.5631837 ]]]], dtype=float32)]